<?xml version="1.0"?>
<opencv_storage>
<Distortion type_id="opencv-matrix">
  <rows>5</rows>
  <cols>1</cols>
  <dt>f</dt>
  <data>
    -1.79589480e-001 3.02766383e-001 -2.17730156e-003 9.17747675e-005
    -1.93590903e+000</data></Distortion>
</opencv_storage>
