<?xml version="1.0"?>
<opencv_storage>
<Intrinsics type_id="opencv-matrix">
  <rows>3</rows>
  <cols>3</cols>
  <dt>f</dt>
  <data>
    1.71391223e+003 0. 3.87103546e+002 0. 1.71188330e+003
    4.71616547e+002 0. 0. 1.</data></Intrinsics>
</opencv_storage>
